date,t,pediatric_admissions,adult_admissions,total_admissions
2020-08-08,6,0,70,70
2020-08-15,13,0,40,40
2020-08-22,20,2,35,37
2020-08-29,27,0,37,37
2020-09-05,34,2,40,42
2020-09-12,41,2,46,48
2020-09-19,48,0,38,38
2020-09-26,55,1,57,58
2020-10-03,62,2,77,79
2020-10-10,69,3,73,76
2020-10-17,76,2,110,112
2020-10-24,83,4,140,144
2020-10-31,90,2,121,123
2020-11-07,97,1,169,170
2020-11-14,104,1,196,197
2020-11-21,111,5,222,227
2020-11-28,118,1,213,214
2020-12-05,125,0,212,212
2020-12-12,132,4,182,186
2020-12-19,139,2,180,182
2020-12-26,146,7,147,154
2021-01-02,153,1,133,134
2021-01-09,160,4,110,114
2021-01-16,167,3,113,116
2021-01-23,174,3,78,81
2021-01-30,181,0,73,73
2021-02-06,188,1,60,61
2021-02-13,195,3,69,72
2021-02-20,202,0,32,32
2021-02-27,209,3,29,32
2021-03-06,216,0,21,21
2021-03-13,223,1,17,18
2021-03-20,230,0,19,19
2021-03-27,237,0,28,28
2021-04-03,244,0,32,32
2021-04-10,251,2,34,36
